77950
27103
69129
37292
36490
92491
97055
61336
44697
80496
46360
36741
29825
20174
96910
46148
15415
14081
13876
60687
8502
58550
32490
79695
3867
65713
59529
98944
43885
97493
79116
82438
85780
1831
1218
40739
54683
69310
17936
87332
55944
68271
78636
40632
96703
34186
74088
13657
20527
76725
41010
26156
93630
69528
91234
39065
33224
23540
8795
41627
32116
36870
88634
74480
85848
11016
52580
93744
54327
25101
32556
31738
6692
43081
63458
88926
81570
71992
55091
62261
3260
96974
85668
29771
93756
47353
70347
36528
9920
30476
44528
68591
71188
40615
70504
28749
65552
70292
30519
99661
77508
33249
32357
68919
51468
41308
93841
8659
25651
52126
28756
25274
65659
38768
62809
87667
22254
93800
18730
84205
95870
15802
24225
67238
30206
81651
85108
1801
81034
57283
94127
13161
23886
67922
99104
11437
18288
37645
63327
84906
37145
20925
17585
85236
81095
15090
23705
55182
20161
44012
60653
63688
62901
97497
68424
45564
28078
57398
74676
87382
50334
26426
12105
41886
61677
36520
59058
87539
60116
64711
95404
14888
68316
41329
23805
17918
44649
40477
22559
86531
90008
89765
49333
39665
82682
95785
30150
50513
14714
25644
40002
2818
23500
11682
676
76640
46829
6269
98468
3421
45769
33043
15487
3090
63284
88317
99260
33579
25445
96432
88202
47994
62850
21882
6848
83312
81112
72082
31944
52364
47914
72047
66002
97656
79648
67139
91564
73
406
74945
90390
40248
40281
1486
15487
47401
26523
985
89127
65498
70936
59723
50863
34614
48503
41781
366
55452
7158
43327
20466
45120
15969
59289
46089
34573
973
95509
80060
23897
94179
35751
82841
35947
24715
47974
60953
66259
62060
41266
99454
55767
13147
43570
74021
40421
18981
92170
4713
99475
66143
21712
88682
12918
55964
7863
55389
92559
73723
14511
3157
4608
94409
86325
98273
1765
5437
90702
90799
16824
33381
9287
38544
88351
26871
1728
41335
32159
75135
56876
1265
94029
67496
29790
15620
12454
17779
58502
22771
42353
66114
11147
97776
87731
13844
31895
94383
23583
62832
9680
59598
54158
94033
65375
82144
19411
89810
45457
48651
76541
46503
79818
63167
15473
36947
40987
73713
21425
23799
66249
51715
44157
33206
33867
89054
30575
21914
32570
36247
98010
89480
18691
72468
81425
38936
8688
12482
54898
94682
23382
51087
71009
74351
53124
76884
60097
43178
95498
53718
2982
74325
76172
40004
17605
98729
72629
58726
53505
63130
44776
29778
53235
67785
37631
62519
41101
26393
62507
81122
25410
63269
14246
15200
28016
27929
24380
50073
76109
88927
41569
57206
36205
48687
30712
48246
34005
63864
76842
43572
69733
33687
6828
66525
4639
37055
15238
60899
97210
20809
16151
45648
8311
12427
82554
26222
62826
3921
73028
55792
55384
16547
52181
6644
62590
52061
58675
67224
80843
92975
61208
13951
43616
66268
18648
29782
95189
33
52220
9397
58563
6106
73541
30177
47121
22043
47106
386
34817
59104
5900
63031
34980
78016
67117
23038
98549
57990
95868
34070
48554
26296
49448
82411
27483
73051
65617
12043
70577
18888
74767
65640
93023
19846
58405
59703
18167
54951
12417
52318
92318
26206
21895
3573
58426
19397
10418
21171
63932
96606
87370
47273
89560
69568
5922
92374
26965
96924
36572
93773
39144
50654
8453
50860
82780
58056
26122
18263
94507
78794
13038
67520
70944
62973
95794
25185
46761
29760
33236
72406
76560
38556
21446
30514
99568
10636
5139
36900
44847
20900
85947
33511
66554
72121
2537
90243
70642
756
32202
80939
57111
39846
20756
29917
95459
84430
31217
81131
29356
4547
32073
85074
62776
24635
45105
95325
71139
12989
89159
57533
53433
85729
90043
19304
55245
44185
54643
95851
47345
8191
7417
69680
3309
38781
64693
54497
35151
28354
32724
6022
84488
73398
92412
52439
34008
91114
11292
52579
69525
36263
62880
73225
45432
65726
47455
31462
58640
65642
85836
42130
29875
37762
89564
82957
2514
58403
14291
75016
62715
3946
47049
27987
39686
42428
7741
18242
79354
40779
7724
22810
80761
33691
77224
89326
13352
52790
73621
66652
80122
66448
16095
83987
80808
31668
61870
49247
49197
93318
75188
36787
66667
73704
23483
67173
81845
949
23960
9817
24174
9668
17371
95358
82035
76507
50210
36675
7413
98634
39531
73305
6781
90417
90164
67453
18663
25242
48042
54341
63138
31573
47989
44550
67261
18508
43389
70580
27096
42663
59189
88795
4707
79516
60567
86343
84315
55306
75910
90744
21978
65214
4559
48369
27920
17385
3805
82922
69273
25997
13954
92481
86936
38233
99921
15416
85922
35892
68868
33213
451
51287
48958
69378
8697
85895
68774
45468
97246
8355
71311
20878
60497
33363
93449
45375
88334
74822
80433
10961
8172
13373
25971
91331
30789
90925
99383
86887
18207
21540
60555
55571
75213
650
66795
54195
32036
72067
39976
61647
66310
26855
11055
19608
28964
19628
67433
43836
26342
88891
48147
10712
43994
9185
15924
60768
14541
17322
63388
29961
60265
83965
14563
87461
22142
19229
70195
37735
1424
38533
25720
17470
32255
87160
74
62038
7899
51307
39494
29981
46601
24975
67152
860
92893
68778
2718
15504
56985
84597
67888
17310
38823
42405
68565
8140
18402
69145
21991
27358
13044
38290
99796
42480
62785
59948
34118
45315
52833
49694
83769
38807
77674
67641
57566
83181
93974
42882
20577
21542
62444
90809
71000
96537
94688
57918
27017
92784
66258
89612
37108
31886
37255
67784
58559
15299
6520
46345
98166
58175
73318
71528
89090
7464
64366
90069
77624
58677
15741
60170
3941
16448
54609
8260
99115
18510
69758
47677
55519
15289
71549
54839
4706
67769
39292
3575
2885
64561
19218
91000
52738
30568
40449
58635
6673
89967
44830
62928
2268
86277
3562
80524
78995
53463
7647
28798
45900
70782
47553
32469
94322
37395
31926
96381
35724
32831
65993
34700
51778
18689
12266
22116
58092
13361
72903
45786
41933
83240
62429
52706
52132
34125
18149
68994
11842
19435
24573
61072
34191
66072
97262
67404
40971
34142
84846
39948
85803
97596
48537
40739
37610
54493
73435
68432
86308
38119
51492
76749
40460
14478
62379
59493
22912
73442
15053
40476
63311
76586
12887
29739
90776
35848
71306
5819
52091
5653
65348
6665
3605
64185
71192
65584
33005
94596
9899
3160
71269
6963
12231
78549
18116
39854
23141
44221
65134
64966
15171
25075
419
78100
7479
26632
84072
78963
6413
46387
14313
25245
23577
28788
54525
42801
56089
36917
59359
3693
63524
64877
46532
62506
67927
43930
85284
4532
72587
95353
64304
87973
16281
4184
14455
7544
90795
63874
74684
15390
78210
13432
34341
73867
52086
29864
69786
95786
14002
81381
27010
33630
48416
5362
21086
87874
8276
72019
15258
14032
38937
85024
71454
61872
95575
67260
95722
92115
60276
78945
28864
95022
59335
20442
98155
10869
72901
19360
70933
99256
11152
85462
57038
67318
60742
14394
43000
86791
28481
17191
6765
66901
86448
64641
34082
10383
53222
39308
14908
39718
93054
41704
44857
11553
31059
66794
49366
31096
34345
51727
19715
72315
2018
52072
34712
11472
10812
71502
972
93758
36384
96145
90637
98730
85879
49927
77472
18289
46941
29063
61106
49867
57923
13369
42134
71445
98425
17672
36699
58310
67639
99933
43351
23852
78173
2836
44578
88184
27426
74666
13750
64298
88114
3177
30617
87488
69719
45429
86416
30769
67588
47877
86463
48418
24563
7439
63524
67959
58906
17192
80622
24946
53258
93436
85199
66907
83127
76075
37182
75309
84493
95972
57464
95286
2247
83652
68313
70186
22181
58474
37317
45304
5762
49311
7484
96130
20046
2580
40229
10277
74572
84736
9120
88187
47059
70623
30804
50620
43193
70504
77440
45699
99904
14216
80834
25352
2490
15691
62282
20877
53958
52570
30691
46170
59425
39427
12968
21053
82593
57458
69731
57696
97782
44477
12601
32376
16173
95690
59342
59761
64360
84628
24646
55251
56686
74474
58274
65372
38870
50051
71263
39970
11750
90277
74056
31502
32539
7787
28584
24745
62603
77527
56594
8900
381
38121
67949
7748
34662
89980
70459
31833
45191
1833
94118
29787
96404
24607
30888
9019
37451
58210
31550
4885
72555
15519
65206
82936
74713
29150
88091
12313
20950
83768
66151
96311
56422
70838
81714
55496
88940
27781
36489
41758
55731
71196
50489
764
34847
78735
85352
73414
28551
38663
78504
32032
72722
25349
25888
27835
11877
85876
61198
96292
74540
33385
41085
35518
28396
40409
2445
69165
42965
46563
30072
4132
32432
33981
82640
39811
49964
57653
20694
19839
3491
31406
62200
113
21774
81175
35858
44086
17960
61033
88065
24340
39136
42454
30902
79789
6985
99567
52164
42368
13191
21683
77162
43071
39093
45855
10262
42092
92075
56207
52954
4533
49848
90639
7226
84760
50994
9430
17335
57481
77589
52206
70441
80769
19451
60519
84288
29648
54322
1546
26977
52839
3288
55529
85421
79628
43818
44794
72076
8502
66343
87623
7749
9570
15227
65662
66616
54496
46779
41705
19840
81673
89804
56009
69449
11905
96504
47146
54366
47549
778
78832
16832
32806
48628
31130
98009
86782
61983
14696
45680
76685
37517
54780
50710
3808
49553
39978
19921
78025
18759
44325
55431
50711
62787
73299
60002
25267
62241
433
66835
27609
45250
5115
94407
75699
20536
80210
22756
62022
15230
94701
49041
50884
6931
98451
5831
83924
75871
78598
65427
92852
52677
87384
34327
94150
49607
85096
91875
12585
51424
87467
1004
70431
8979
90446
23152
29180
40308
15700
86739
67491
56465
84210
73631
80620
11782
72483
11689
45517
39667
33548
56509
85231
98044
3233
50918
4748
74981
49207
7398
46642
20785
26736
33719
13005
92874
59600
34461
24505
52990
78699
66234
87718
10881
93608
99198
38197
96660
95942
65567
34303
86703
57585
32128
31437
40549
84419
70173
48730
3053
67546
65808
1940
25442
72496
96171
63681
88358
63636
23990
92212
10930
49893
42069
54930
82987
90690
40180
45035
7352
32198
5464
27374
19369
76104
91468
50371
9244
71079
64432
68636
96181
74165
24228
49198
42587
51091
93611
92223
91722
74662
17114
14143
17088
75427
30364
91933
79662
92793
73760
96829
56911
44979
79994
94543
81547
67266
62712
17491
68487
77785
50596
28749
14749
93986
25297
73682
92435
99222
37935
24942
72002
13811
53524
61782
78116
57220
38660
22580
99219
54623
99566
37545
13987
81361
56181
89767
21993
308
15964
90072
44657
9848
77699
53097
7989
22231
41429
67356
6442
54176
43178
94909
42370
62404
40966
70934
17208
57751
97445
99812
36487
1798
81000
32234
63428
31729
15133
22646
86238
82077
70302
93794
37628
19061
14875
6033
45819
74563
25728
44861
92780
46001
33889
97241
85035
6335
28121
2724
96701
69278
17061
1280
53906
60083
18217
88677
89141
16672
85625
59998
86997
61749
44981
20653
67017
48915
89722
65398
41700
57928
19527
33332
49094
41641
16398
99468
79670
63642
46623
40928
459
97531
20011
42543
68644
30329
2746
77863
29226
50851
65550
7521
3100
43765
4772
88211
3188
19252
27039
38257
16504
12093
66581
86032
72506
91016
62974
56980
85343
45293
72219
75630
26012
9837
98651
57843
5717
59127
3743
3289
53368
33802
81284
21520
56936
58962
49445
10166
33032
379
37977
69215
53399
71896
83892
69816
16898
25064
58876
83545
25972
99173
55072
23208
36463
97716
48272
98465
67142
55145
35894
69090
12502
17704
34923
725
20414
43908
97385
28248
10502
26631
9558
91312
93756
198
39180
76434
47457
55730
62290
26919
29295
87265
69202
32649
22160
3919
25579
98667
67088
1189
58949
97000
10735
2097
89419
8175
99438
78447
13359
55455
41921
99393
44601
69494
24059
41531
84992
7643
42481
27909
27162
99515
69347
46048
31067
28190
22139
63923
82553
59189
83057
11954
58906
42135
49545
5551
41609
73195
46896
31436
30415
80600
56053
29566
2034
86665
3841
46457
99451
84168
92456
73345
38915
14169
62466
80088
37284
38289
55321
11880
25707
98350
73072
87478
60831
57612
94231
64291
33128
23434
54171
64692
15928
84204
8943
69496
87587
22314
84635
16628
83648
28471
46398
16482
13064
74971
66805
38838
71499
60924
11490
1019
50736
20706
8882
12310
23316
57990
12644
7771
49214
96993
71162
45146
31780
15702
73512
84351
44894
73723
69934
20547
65673
71369
55458
82262
6718
73180
35361
26635
30382
15218
52021
88497
2550
53304
75187
50366
64585
31540
36174
61207
55412
84631
4821
15187
38687
81988
63936
12949
96970
69752
66170
30033
61286
32458
63796
55888
92970
38215
72524
95907
18781
29394
70388
34708
10704
99500
84873
85504
70233
51348
93003
25059
22153
52040
46209
71226
94667
97280
44770
68043
88083
27200
74714
27390
41233
24384
96717
44530
48181
93726
44137
73577
64000
15062
62424
67043
50217
60365
60265
57787
32611
35236
63628
81467
87242
92208
76064
448
97636
44321
74854
26060
76022
99747
74883
33280
55193
30934
96074
90990
2158
68742
91071
70676
99228
77821
56359
58105
77780
73664
30396
45462
71847
4524
8647
77641
6221
57854
98884
25775
22165
96902
35975
56288
24750
69475
47967
5294
62378
8949
52940
89313
1212
13897
96323
25154
66104
14209
52614
68373
93355
20411
94294
42631
88514
91611
18808
36201
40629
23947
55533
9034
361
53713
96299
39523
47445
30961
92273
57237
18766
64081
87540
52363
34119
72732
55620
27899
86428
44961
23368
3324
77167
49011
277
82636
97930
46387
37332
42475
34156
30293
64353
62319
96894
33528
58566
26159
49943
17957
79180
49102
70974
50360
26453
81339
70961
58083
1547
81951
53004
34609
21883
35005
52086
66971
91273
57138
96108
91469
4491
58747
26683
54213
40798
17567
28167
81713
43055
83745
24558
22642
215
97756
6775
43606
27076
87254
64867
83536
31182
44929
89631
47406
51603
38059
21395
50191
66149
80902
7341
76278
74460
15459
56211
63287
45580
4331
75628
38063
55309
83983
44303
57452
55139
58332
12254
38654
99357
14361
66636
99968
87256
4656
30232
89575
45012
90204
31955
19839
7056
52291
63425
79925
54428
29366
98686
98188
11335
85754
43210
15968
88628
79183
7493
9490
31056
26311
85606
20419
74793
15536
2260
87165
42821
37987
67121
87888
2262
87165
12756
36797
22797
59452
64531
12942
15982
98643
95713
35581
97797
2754
8931
42905
11331
18175
82748
37519
22528
10324
57575
58782
72690
29613
63324
50513
39439
2840
18417
54580
39563
22060
38863
63690
58198
82215
71711
67833
28750
24946
20156
81113
25498
76403
20618
12265
88778
51669
4380
61519
42715
25645
68526
77306
13695
10669
60314
72777
28882
13433
64595
88577
97339
79239
70749
44487
19509
39689
81047
68453
66314
12428
29635
42471
37975
18517
85782
96498
90158
77071
68172
94841
75525
58387
52171
45785
30586
59268
88801
70947
68350
48721
4173
63064
58155
92574
19017
51691
65806
33566
29437
68217
34384
93706
57912
32525
42495
443
5627
71591
30052
72750
77548
68920
18780
50414
75925
46608
26336
5653
58522
8169
19209
44037
78548
49380
24404
18205
84520
51092
16422
37123
82033
47136
71244
32780
94162
52543
79299
30056
3205
2879
94747
71760
90133
582
68402
54938
87908
64970
29437
94893
35353
10754
99232
15936
15967
27232
5759
71738
23864
34115
24384
79930
51300
57687
70459
54908
143
5493
69357
86948
95707
42176
3326
25014
14706
51922
93605
12834
20582
52893
96486
23986
46167
40262
38371
70244
44643
31248
66396
79894
90306
67729
65871
78263
97737
69497
75846
53432
15253
89411
90640
65834
60897
86237
53521
3912
8542
32756
53119
99650
1037
17088
12050
80908
96590
70664
88035
43308
25007
83852
81976
96617
39
11953
95684
61215
62223
62874
98717
23560
99473
20859
32911
78149
47689
46549
2332
92424
25143
95661
2409
93322
17910
80636
35783
35624
51640
20589
33884
26448
51100
64469
56400
33626
73872
54918
18735
42515
80014
21147
7384
73096
64211
38455
81027
61858
80859
80452
31408
18618
62360
73585
41926
12595
94949
68505
46812
33043
29263
90638
62145
23617
71114
65059
48324
55431
4299
15529
27549
88046
26369
71850
38925
60127
41027
36478
76757
49460
9900
33584
47199
75652
60912
10039
56369
76143
21214
66891
35398
37934
56756
55785
29433
92258
77065
81976
57439
88793
97957
63691
55785
29072
43829
26725
83226
7665
38252
78561
9120
44203
52022
43656
65872
82212
3285
31865
94958
32392
87924
6383
91846
81791
40082
62856
86102
17371
13607
94157
20524
96640
43473
8114
97766
71160
1132
70557
89280
45234
35499
41451
83234
54495
79286
55556
32987
32407
63029
14586
42727
10053
81942
18969
42695
61653
96074
83076
3094
68772
55995
77642
67255
66440
54710
1707
44032
48813
33763
48831
43755
27423
66064
38857
17683
36527
99879
97780
27949
85113
54445
90329
32832
39347
85895
18852
84170
40874
97531
69709
52324
91572
7177
6417
85786
63021
39395
14536
82907
75800
16154
4230
71827
79376
37216
75368
20398
95088
83540
70190
3218
42772
32659
48328
49877
93944
34944
57113
62893
1847
81206
70764
90559
79842
64037
89585
48095
95849
43139
24368
18076
41194
15515
11945
10279
19252
38380
80453
93057
92593
81111
93103
8285
69648
94089
78009
74247
3599
80190
186
53865
688
68682
46785
96831
83490
2769
94876
45093
50754
18852
74795
52184
1110
77317
63826
2863
7623
87208
72541
13993
16310
88240
67707
48417
99531
27307
4647
17470
87490
8720
82174
85718
73863
50140
43718
13355
98344
33402
8466
81498
36117
71544
50929
86450
16147
92404
51355
67936
73837
63542
3177
49631
53788
3218
97805
28167
82893
64280
67604
98581
58265
70295
80982
63224
46772
81017
70856
39966
89429
73457
81144
80483
93501
28521
22679
86292
84531
95756
97447
88348
69328
81269
31251
44423
26493
28965
22884
29646
23504
82014
91145
11510
46789
60678
68288
37075
94290
41555
33862
32071
97453
90750
10791
48077
22743
84966
5610
62973
20967
46880
87084
73611
97877
48065
77317
39316
31642
69147
12518
75563
54495
4582
97835
33486
97588
11603
83333
70923
3256
9240
72869
52117
78496
65330
11199
47341
71491
74914
89372
21257
31190
41857
46768
44319
72834
63030
7977
68723
42246
68437
72095
27034
3878
55544
14507
24449
85009
37386
80549
55697
86916
94134
55662
24576
26903
20565
17211
32307
39206
17621
83713
23091
32216
7019
22813
88844
51286
2210
355
86018
15350
46920
9874
66151
99514
10758
20816
67489
72
88172
1004
21172
1322
87094
75932
44443
31375
73363
76192
91679
45601
89316
32071
17286
68303
24266
8458
42294
95182
42020
36639
67538
58478
78638
15370
13320
63541
1579
90365
289
58032
59827
17687
94814
13682
70884
6615
89248
14267
53535
75825
52308
13550
70349
42735
85231
72609
38033
69811
37737
9407
70543
78709
45110
4286
64267
99062
29361
46249
18456
74413
87590
76638
10473
4608
57882
72661
44179
58304
84593
4092
42301
58243
92423
16436
17728
87599
52611
24561
93888
20615
79688
6816
36735
72837
17088
43412
47947
43439
52381
49412
64908
78161
84674
75101
33653
79742
48806
30642
8453
92739
73190
91219
79932
70478
14633
39963
13049
18478
17146
52915
58773
95856
89868
50212
87506
34470
87905
65530
28247
15369
19403
89070
11902
79610
41856
43761
38150
71784
63821
67931
67767
41381
37430
16786
92536
1247
28695
8414
35809
51016
42341
34531
72892
74183
75221
21290
42704
63087
86145
58611
13268
89790
22771
47771
2616
41009
99994
34460
84436
60743
4870
68921
91441
79057
25455
44805
87987
54063
94048
25364
12124
66164
67260
38846
83230
99165
68200
66516
57981
37138
11126
16381
69887
34741
51309
66254
57593
62869
27021
21615
27769
42367
24776
209
89619
2688
30754
67479
70986
6671
72106
78847
88818
79236
82306
68048
8719
49379
89325
69979
25555
39058
58004
3991
17153
7712
66257
24596
30283
30562
45479
84001
17925
66381
19674
40666
51724
65091
75270
93716
27274
6821
38325
60977
82921
26550
21022
42957
87043
7317
81991
3178
62859
60363
71385
31880
13803
13327
61964
62811
62985
3496
1084
57223
5576
98571
18713
13455
97802
13864
46025
70848
26975
54356
4032
52021
56550
19638
17907
84607
53081
77126
69560
1780
39082
36817
77459
87848
89939
72351
61352
90893
93168
96870
22295
6909
5301
56683
21021
70011
92764
85345
35259
89554
97087
19644
98019
18923
67175
17039
82247
41535
98998
1179
84704
19312
89603
63684
44648
77330
72831
52032
96142
38324
60189
6004
20905
72593
65248
70159
29937
75964
73504
3650
34086
21987
13110
48319
57904
78283
43287
63676
37961
12764
65967
25469
21020
7824
68310
41058
22769
21871
56871
7760
21849
93026
62403
23248
83646
32306
93427
13694
34507
49027
38928
34795
29663
43102
59817
2373
81258
73792
35446
47795
79466
16500
17538
63833
56915
75492
87818
99264
10713
65810
67659
86068
17540
79773
14658
97473
4807
37871
90649
64625
88251
98825
52852
45882
55881
85185
11162
87552
86494
18116
92730
25500
93553
54524
44646
11007
1745
71181
97565
54347
2639
41163
70234
38948
20359
28051
56186
86135
9870
70897
40104
34147
35184
18685
9806
19380
47564
75594
79333
17101
33527
49233
14563
62854
97278
22292
52260
54502
14229
45960
49814
43631
62682
40705
71450
99505
44817
79372
58882
49920
20166
69481
3580
22360
33117
79377
13725
72472
48186
7691
82943
61823
54197
51227
27945
45563
41879
14737
77673
35317
43128
41567
3535
91360
78184
49264
66480
68933
36847
84047
85971
39963
8535
75610
74325
47140
24215
74807
19525
31486
21108
94986
84361
36473
42454
89532
40065
6239
32691
77772
90427
7474
40185
55832
16177
54415
41430
83213
79476
64821
12625
37400
51075
27654
96015
53269
36541
96839
2820
69667
87576
11403
14324
58483
46186
72478
54317
10628
16307
19236
15096
55498
23890
46381
95332
35051
73340
98115
9909
88167
48358
80790
32162
5450
27657
27013
39538
27246
81529
56815
30541
99030
1065
50439
28727
97224
56861
26985
67592
56195
33644
13073
76473
83113
88463
56028
44167
43308
6329
52087
95083
44877
3748
7453
57647
90033
58871
59647
60641
92649
30473
59788
48618
69909
96245
49713
39892
92041
75424
78240
51355
41715
59433
50423
14171
75532
16432
25008
97691
58761
47599
96220
29678
33338
92043
64705
46577
83384
17786
12286
65202
45119
13855
10029
37536
14757
55578
67987
23364
92512
45408
57288
95208
49530
5584
25693
19498
61696
88464
81364
44315
46873
74099
26697
63486
5092
92637
95346
29630
62173
68014
36893
4180
81749
57524
31366
73916
46935
13773
21485
33481
37114
27869
66012
48291
86352
8133
30172
27725
14598
91732
96266
74128
60596
88495
52102
37687
13737
79265
70024
23323
70991
74725
43359
25376
22705
25395
89033
34668
68116
26702
38794
85692
56585
3570
31487
18067
55228
82202
34762
84098
27003
59698
86520
75437
17511
88291
69611
87679
53636
75511
53509
27421
45287
16048
34769
66215
3553
68795
35335
98413
77658
53223
20837
92403
10488
94290
46675
78870
91955
2345
40288
75883
82877
43520
65900
53562
3925
72840
71252
24436
56836
54436
82303
57122
23765
44868
35253
37530
88283
32448
29148
94161
33918
99879
55927
2337
6976
53287
47441
40216
15948
58292
45383
80405
74513
65111
95308
21914
55908
38243
30252
44368
98182
32361
3561
60002
231
51010
60406
48377
53045
67097
79242
47270
17527
78497
39904
93407
55761
74892
75893
24887
45569
36079
81950
79123
15369
1831
81766
15318
67301
10143
17458
17705
58639
6782
25360
67727
64886
73818
80296
21853
90579
98775
61438
72654
46613
26671
51341
69105
4287
73249
80065
6770
27896
74566
68210
87702
98597
52829
76233
75617
74659
64402
97836
5396
96820
88429
28282
32528
85087
15119
25044
51938
85357
4704
59589
65270
93983
41145
31835
8408
7106
80195
99909
58472
32955
47357
29319
52119
51288
37011
20251
59535
69165
85678
57049
54521
78704
77468
88328
98449
75547
2584
82984
51350
9416
45851
80389
37861
56249
74075
21373
19200
78457
12278
89631
58696
62406
20093
35567
60769
34410
72664
91420
18810
85478
13885
8112
22220
15577
33838
61166
57355
7996
53471
41401
40413
88910
6107
92012
55973
24917
42190
98775
45207
78046
56916
26348
9378
22671
33156
8155
22596
38456
88713
97700
2583
17552
28547
28128
78137
60157
91733
77700
39703
10291
88770
19847
26944
91352
88122
36581
20230
9425
98841
77223
76449
80032
27701
55069
12601
12528
59743
42554
61233
24789
17617
70541
32065
11399
21046
75098
35381
10936
68222
971
90085
4984
47728
46033
27155
83562
15768
66458
45881
62128
18939
4855
13211
75219
38841
20018
57262
75151
89349
99431
75168
62697
19910
6843
97464
84802
4750
34813
60001
74717
16012
94385
77533
37338
52770
24308
77568
10327
93255
54369
89607
55251
46788
20449
33523
56438
48737
32266
65515
64604
86626
13167
13913
12144
90381
9741
27173
23991
13046
47821
8976
37356
70350
51269
90591
42801
74810
46700
87952
43749
70875
27356
73598
59778
56803
14180
14161
37150
22711
23710
48971
76791
75645
67942
20196
2231
95893
78220
79231
7263
35248
66475
46727
92711
40068
35756
67152
3925
48953
96552
85266
53309
67397
74554
56893
76307
77122
43453
55161
53242
64867
37367
24674
94853
99536
91406
88168
55354
94845
95561
5049
5559
40413
92056
90132
79789
92763
84997
9061
46748
90586
94725
98627
46630
99094
78799
3987
67850
26110
53819
57851
98023
69097
4001
40831
99026
5532
15922
87626
7071
88276
66608
35392
9998
39031
41976
32072
78099
84123
22703
31480
26627
61860
38385
35289
30938
65422
22061
703
44594
11749
54967
6393
40432
39222
55079
62313
90950
5391
57391
4248
71664
52601
53869
38645
36354
32617
97061
93478
11205
81394
34010
97026
53514
38565
82363
97636
45234
41324
14713
67332
50606
43923
1792
2851
76444
28281
22052
65925
82420
61219
61656
45846
3415
4001
62444
1323
56496
1186
78907
53906
8488
30983
51681
84671
6699
27393
13099
91195
13167
26191
98614
19030
2497
9593
30544
5762
63679
46953
71968
95439
98612
46674
68476
64637
3575
44442
23780
80863
6778
78626
7320
10618
75105
20205
3627
43401
89000
83591
65159
73662
66605
99451
74038
23497
30040
60858
56
22233
89217
91131
29409
26388
45740
33574
43093
45525
23042
39342
28253
80675
23376
65958
87828
16185
20155
83170
71763
80656
70403
79007
30335
94944
89914
32805
414
5903
68738
65914
88046
3546
20610
38618
34760
90630
93180
53876
25359
10403
10741
76873
56584
97460
54592
32483
79277
44603
93045
811
12187
35516
71161
70528
9316
78216
34941
9101
20904
51091
54343
72897
92499
94286
90108
64985
88805
10681
20042
87069
46460
88467
57706
58908
60075
90790
94
54825
91502
35924
78064
45049
86691
86674
34341
18902
55946
91996
56697
97853
60809
53046
69335
36621
88131
84980
62076
28553
33646
93807
76196
22935
63199
2546
86865
73609
39676
24961
27125
43864
63077
69405
97155
17108
55597
45154
37829
7958
64053
63232
19744
37395
49801
61621
91351
58206
87923
18249
33621
74527
19961
35885
7752
49720
59875
21454
38531
99648
73885
33106
13651
9556
69140
15170
70890
29957
81924
81809
95786
14212
46861
81410
25286
73676
17979
76540
93561
87594
59742
98483
18422
8260
10578
85029
96990
17680
67726
28345
1590
92081
45472
53571
68476
13649
9302
14389
87655
84907
96881
39582
99553
76868
58974
43670
8963
5702
15761
38657
47008
38955
48033
55025
63760
87667
70386
14982
66748
28029
51960
55098
40403
99852
17028
88568
78299
60283
25631
37973
31032
92334
76691
80525
48017
18200
10947
90943
59346
87612
7601
68484
74894
68992
50595
8875
50756
84776
92570
58273
99260
97270
16357
32706
67397
64943
5346
35079
31728
74487
712
73785
15381
86558
80736
17592
17424
64342
26426
85106
7139
37394
89532
1989
8821
68126
428
92907
27806
66418
11177
49141
19445
46923
75455
7686
11370
53160
4635
38040
70250
18564
85789
92361
79637
84848
1042
81197
20647
16446
91874
77143
35079
2252
80536
73651
96983
14578
2668
75604
27222
44060
50004
26221
92655
68638
44309
74508
31496
66569
8548
15776
16148
96364
8982
41160
89298
40581
73079
70532
5911
22254
48867
16335
58546
30599
37750
96790
14317
41338
76589
38302
15080
42777
57823
45003
86871
14700
95831
74028
27030
87560
81056
7715
27380
95452
13584
17311
96621
40529
97898
39655
44960
98041
78976
50451
26869
700
45494
91154
24598
66030
52690
55964
24263
39367
79925
50046
49356
63929
35709
7953
92723
4563
26133
94358
29399
17165
76438
68894
9023
96297
25596
68343
60693
50960
31224
66967
95340
55955
28122
7777
44500
33660
74862
31452
20717
19604
16001
56967
47755
12965
44901
19305
69932
69397
6283
39522
73939
44558
56386
74722
15682
79894
50103
67710
44238
51775
42118
25295
17930
96818
36717
1101
59592
22260
57626
33325
52897
4631
14343
94193
25658
42946
39711
88913
43437
36262
59885
4841
74744
98245
22800
52649
22344
53451
65300
70591
11489
7985
98263
30026
10704
79364
59596
98366
42308
61424
48454
87154
34433
96499
52380
54475
22605
11577
99438
97915
33963
32374
67375
86541
70257
30124
14197
46388
44328
43075
32471
56693
49095
87335
91555
95193
35946
70486
6654
16259
21854
13729
45168
70347
9983
92839
53536
6170
8553
20588
11609
6277
36406
10237
16245
24470
63256
4996
76917
40844
7740
6847
9073
62508
99893
41721
16946
49546
56986
9745
17537
74836
56073
69049
18415
60491
54298
20683
90422
14294
82791
8585
84784
97325
53751
31557
14885
33408
87450
20079
33896
55969
8888
46954
88843
25994
37810
81487
62796
32844
13720
27852
43634
58709
55268
1763
89223
87210
54489
39414
24349
21329
87311
19290
78947
38299
76711
32798
5236
6627
51022
12407
33504
69126
81899
15974
3224
16022
82203
50111
43797
33167
68851
71792
53907
75491
7971
40849
11631
37543
25499
62874
31180
37806
84629
95172
3466
6914
59053
22377
24286
41730
7129
4117
28472
15969
24539
67285
34130
96588
1659
49278
26473
15232
74814
86590
14542
61514
58671
2871
10402
64831
8768
50592
63497
92651
50064
46469
32637
33946
38637
59501
64386
38745
1351
35637
34886
19844
32239
99634
88033
75793
57253
64348
97266
89738
11422
3721
92435
84813
87487
37856
23809
51121
4117
18170
99104
93291
28462
45599
88807
11823
54152
64639
82396
20492
46103
36754
21267
99700
90320
45827
81373
89580
35246
40217
23194
73718
44197
86151
32498
95371
41808
38061
1505
73091
84820
16801
25860
45535
5384
96963
43069
19244
7563
11647
7659
25214
71984
85579
77728
6520
74426
55575
87309
70251
19250
57560
55091
91909
53424
80030
58800
72631
69867
59633
7466
21482
45891
31925
12834
83212
42739
32140
83541
11801
22252
51519
98804
21468
6093
5401
15208
38263
9155
22471
93786
49734
51835
59473
23417
69141
83888
23017
49531
20278
6289
7156
78013
24055
35566
51039
17792
57580
28871
80471
1223
28629
46866
17790
99376
95293
27294
49427
44783
83324
34897
5114
22936
47628
35598
78504
76661
63733
65330
59250
35799
58276
59576
31092
84918
22054
19992
50629
81009
36499
93103
65031
43427
65057
54871
63573
42295
59632
48432
23425
87053
42515
32871
92370
61808
94009
23681
14067
12306
91916
53599
10955
74252
62188
51550
88110
53575
50195
31117
52257
55415
63369
34729
73998
84788
61291
89805
80239
53144
36023
75502
96240
61620
79546
58373
62772
54424
36996
49738
10260
50382
93262
42507
56699
43528
99741
58755
14309
86267
70160
47787
97785
23062
25836
16466
57405
65858
57100
6237
47738
2279
58565
93776
48220
6623
50044
32217
88067
5160
85095
47366
84059
99596
87131
96385
66274
14534
14674
5804
61326
40495
7615
60041
93733
47924
84259
72351
99291
49269
62524
56425
66561
55780
50133
30877
7512
78371
59066
40387
30897
43462
34298
8975
53916
66037
70141
53354
42237
44556
7841
60681
45341
12394
42739
66614
74791
15023
9947
80098
15236
43480
94594
72682
21339
75213
20871
46810
24270
81042
97143
91886
86625
99887
29950
34127
18740
54459
4642
49282
18074
45188
65587
82002
58969
75223
4270
55638
36454
5884
83161
47902
25287
44104
30073
95444
26088
16237
38949
946
32735
76465
4830
84795
19299
43468
13387
17312
37268
12149
48214
12456
63019
74101
85379
68220
96042
22938
17068
18549
86816
60319
878
65704
52281
42803
24203
97037
1089
76027
23581
45955
51219
23978
15779
30531
41756
30416
3332
25190
57829
65363
74175
78955
43503
632
48717
58790
39287
68839
53190
47202
67492
74536
44328
70899
95550
53776
45481
51153
31417
39531
10312
98700
69969
366
28321
86304
89873
14139
62061
13279
48502
98348
33112
78721
91250
95205
91297
37284
60883
49294
36487
64176
93683
85577
56285
78507
30021
7811
76437
98025
57097
74553
38568
38075
76933
49876
55569
45787
40948
66601
96336
32100
77657
24939
5420
42341
28010
92577
20451
86462
85924
82546
50706
36297
63386
92091
78139
25793
80711
63926
30439
55307
44917
25665
11478
79803
71404
14312
4033
37982
26233
61000
43096
72771
94893
2732
94860
78527
96937
78913
29843
45292
68760
32594
1121
21354
85741
61422
96718
81334
22603
88581
34502
24657
91867
56948
77953
78184
15569
93203
30751
84291
87596
65778
89926
2058
62363
39841
13132
72298
50600
52694
61437
17925
32237
28156
79667
98023
78520
73038
50886
68552
55917
52469
28129
44022
10231
93556
87036
4796
73932
84055
28940
63788
28336
99960
80281
36875
86493
44229
5466
53868
45644
9444
64729
84624
19821
86702
83600
28992
84753
48279
47905
53690
6777
94891
28146
35626
44309
12119
64518
54153
90643
52679
92157
36700
8129
99816
53477
8245
85
65614
67225
88241
94085
295
3241
64647
10616
93578
37666
7288
58500
16440
39557
48245
3262
5702
9576
99666
68783
29960
61814
26308
54707
83597
6975
76083
32117
46858
69456
64703
44822
79962
1526
35497
21247
14370
58289
81078
47274
86196
69787
35813
69765
67174
8039
75850
76846
74839
52508
3702
18733
43153
27115
36417
3092
60523
24184
57709
84141
7163
68303
65163
4149
66551
67874
31795
80342
35005
80007
77619
26793
93308
90263
90074
78537
39234
11621
53618
39237
59423
4996
17759
1277
63400
48792
1257
11717
26929
58496
58152
54110
32017
14545
11227
36560
27614
71816
41069
73687
19790
35643
37328
4207
79358
24493
14127
27993
95533
40064
37932
84598
18449
11965
45126
38864
3739
21078
52684
24344
76684
66772
11076
9517
69901
76197
68959
59263
562
45607
27434
30564
54442
5119
53314
59165
43913
49206
99711
6821
34537
29815
84684
67166
65040
60139
98862
94204
63086
82008
28064
69348
24770
54764
71728
61086
39791
88591
30104
32242
12786
69893
98290
91721
30508
73856
1381
75404
26167
82208
98599
30698
87986
88956
73984
4255
86291
88979
74003
26838
59595
73629
87638
14384
8083
62370
39635
72568
15797
52961
62763
92707
29033
86409
68130
50514
96890
72862
64636
83109
64527
75654
18142
92902
54942
81928
49299
54652
80686
17642
65474
31347
62850
74473
8856
8948
66303
77411
89504
64674
73120
19793
1518
89941
41365
51693
93057
683
35207
16095
60034
14163
61279
62819
50020
34066
22165
24013
21066
22409
63092
37947
81701
7207
74892
54294
7649
64819
52852
27913
60321
63151
45351
6948
27017
70525
51693
81815
25993
40780
8975
85078
16888
20295
2329
8401
82196
81072
20820
35588
84745
36014
87333
23371
3929
10280
10062
1078
36672
24399
25918
2916
52658
40994
43079
2540
85004
63968
96887
38124
42604
85229
36624
10794
57329
4108
82023
12331
44074
5086
69507
6138
3330
52967
36346
4045
41242
35947
23684
70307
10480
66944
69570
51791
84184
4804
83848
2591
94808
18717
66473
4008
87918
32029
38340
2831
28719
13007
83042
17098
34856
48737
53623
18043
4314
39731
29905
57776
31286
83880
39564
6504
7674
2679
94943
12077
53372
75285
83426
33444
97283
38560
62898
2671
93649
37099
6730
75811
38015
46011
61384
68594
85109
72430
91052
80122
41103
77090
99933
67079
36696
54458
26330
87025
99992
4812
71503
15828
61416
11876
58410
8943
92199
69427
54375
5921
16229
45260
51324
23064
38088
23458
86414
80473
1528
69805
34181
20950
68889
40883
83389
92231
87225
26822
72589
38135
58352
29430
38391
24484
42348
31534
90158
72380
15093
86570
70317
83986
45535
27865
66900
87588
15998
69603
85996
52024
44908
2332
58246
91934
84970
8137
82728
10331
17577
68569
10920
73336
85853
73295
45842
42248
51362
71650
46
73207
3562
32141
89330
46329
34325
77059
75635
80259
33216
58102
46707
89559
91314
3054
86005
30159
83526
38590
43950
70387
50943
27089
40691
3966
27728
19523
76690
57988
61332
47106
86059
28516
3023
53159
69802
23492
98376
6689
93092
95314
67805
70393
19124
81324
26457
99464
98741
31001
74853
81602
2216
14407
78239
52542
99705
72068
8245
21156
97940
65649
17546
51476
70702
19277
61911
89870
73061
39949
37322
9851
68026
73099
8548
16959
78189
75912
23275
5522
83589
80498
19037
58458
45047
14517
83048
2474
34672
55513
44568
72626
92427
13180
630
52369
10249
71352
66344
64491
29113
27977
26201
23075
46025
60082
51037
71488
88658
14209
52713
32819
67197
97497
24097
70062
43105
76084
62266
78076
20515
95401
87569
19110
20551
29980
47687
30902
15312
71268
64231
20350
94954
32540
27699
47156
6972
16129
45706
67923
25620
64836
77707
70878
85708
35558
58570
80018
98542
56865
92452
42082
78501
95722
39588
53772
62085
82858
81630
15328
32740
66755
28840
61418
55472
57193
75100
74622
26348
19051
47825
10402
100
13127
80375
86590
41080
94627
28550
23111
60939
52160
91873
68310
43194
45280
99154
52897
88069
10509
98722
58796
38849
2054
11813
42226
16911
997
75941
73842
10344
16412
19446
46084
39739
53604
72407
92803
93721
92478
69191
89166
60814
95993
28267
72839
28248
11885
82657
98920
12778
86503
64321
11252
93979
37989
35641
58178
42929
36453
86367
79779
54823
74605
33293
50877
74550
35983
38657
36042
41465
45912
645
32308
10712
28298
22295
76830
41018
58816
72966
41340
75767
60797
66822
35482
8377
6803
75585
86249
83221
78449
6188
41378
78087
75193
28620
78041
77754
14683
63944
53372
34869
11732
98470
55606
23873
78128
96701
50990
96005
33542
45010
45527
3995
29750
79810
17299
69409
51758
81056
26081
44726
94227
44646
75599
77496
8514
69007
19699
11695
51861
93050
48401
78838
37473
28480
21113
480
12877
21182
91668
77125
78708
18308
79420
4032
84671
82410
19865
80100
1510
86444
91464
55418
4360
6874
78090
59894
14557
52126
31221
28830
23954
73927
36428
70580
71910
96057
35291
31477
3513
2948
78605
98811
15397
86450
88112
34333
88862
87845
32153
59008
29235
61403
2206
70659
24746
51072
40495
95877
21095
21439
68515
77800
81745
34099
8725
23892
85318
59906
59833
69976
55837
72997
64311
15939
48643
73534
6335
7606
33197
30189
61560
51415
46536
50587
26401
72148
99623
66374
24413
47882
29092
29871
88194
64577
13937
40276
65965
29766
49508
60272
97866
20237
57749
18086
45088
32583
45225
67558
58822
73239
20200
59333
20645
1852
82101
52842
23084
9439
75592
21422
41989
22110
95369
5418
60646
18692
64246
91167
70787
3333
27626
11603
5559
94223
92530
8409
63699
59598
33713
80755
98572
29823
26652
94151
58022
37957
95139
89845
35272
34033
66660
33648
93147
94269
62544
68724
45988
14539
52012
93492
69504
67126
23712
9676
79107
85739
68146
70973
93670
71035
76786
86898
32998
17744
94700
83861
83386
15654
73576
14206
83400
76060
60300
9253
9470
59154
86225
52594
82909
97754
46320
71208
32952
20678
42033
3164
67113
12145
12563
58685
55236
9377
65820
85541
87970
41851
1496
27604
36677
75659
67013
7014
9153
13528
14519
3888
54708
54048
9483
73476
40409
66681
43642
57925
66475
46444
6178
79664
58362
73650
85073
65135
12925
89609
87730
43227
59745
74208
57341
2212
51396
61324
4459
14837
19676
84158
95953
54049
31945
5957
34578
4887
82426
58907
98992
22535
39056
2056
87916
16178
94983
80182
53650
35088
4789
52115
14090
61635
4789
86922
82348
48188
62046
47796
46819
76186
82186
89791
8968
29159
47384
52665
41959
2794
95355
92878
60597
78042
81590
48895
95825
44042
60997
95837
88302
20670
53265
14399
62511
22698
17493
65050
11622
63887
5730
32515
24159
87413
18966
43378
65783
54367
80796
87630
6528
32951
28450
14600
58082
23590
4288
67009
73681
78312
96268
50905
20457
33270
7691
71641
80283
60655
45773
49580
78954
57896
67877
37036
7725
58083
52760
8545
47602
54044
12589
78693
61165
50182
97132
99405
94175
69701
83231
6341
58616
61606
85831
71476
18354
41133
68448
96075
295
11071
94567
60495
29030
9625
22112
70176
66735
5782
52546
81735
6768
65980
57532
10627
57524
79627
99171
58804
89922
96713
66063
24295
49043
72391
74619
76625
28452
62666
42751
85200
19201
86802
67219
49913
8161
88093
14273
2494
59936
40389
29711
66936
59929
76291
55115
1508
74094
49933
93772
2420
33424
96419
46820
59632
32341
47731
57582
93170
32854
5437
82080
8814
47872
30917
94754
35305
83518
78923
40558
2099
11925
87795
34608
92977
22225
25022
66544
42916
21521
28402
93540
4992
82083
46913
59906
92684
22315
70483
95183
38012
72749
889
51250
4879
84098
96570
3045
62793
40893
69536
69822
81782
24233
3079
3509
23405
32478
32457
28387
13965
95202
8091
19348
28459
68369
70638
43204
41910
56409
70948
4307
18056
87869
84746
79122
74217
57565
3827
67867
50521
10971
42552
60008
7477
71185
23136
5948
8948
19414
96131
12855
19157
25140
96865
68083
49131
59097
25635
20330
46764
2695
92977
74538
97702
21960
73127
40953
24030
97092
23448
7850
62113
74119
27391
18725
18057
30508
8755
42450
32544
58888
8549
44720
73
73067
58404
43293
39921
18228
79998
52030
86907
26625
74527
59843
83923
44266
84367
22390
10246
70140
37618
65312
60200
93687
60079
57957
6447
98724
26157
42660
96956
72132
45597
24882
70880
26831
55163
98716
57672
23176
19531
6713
87736
67545
92670
95639
78915
37039
56533
15105
28700
44576
27633
24989
90029
27830
1257
92925
12075
41295
17976
13849
4962
15012
75672
10568
27675
42049
43284
44711
85553
84640
38608
127
62247
74980
23060
91250
50326
99050
10648
94062
5139
22717
38540
20655
43154
69842
62389
35079
74644
27539
13706
89825
82128
8311
39502
2180
81656
81029
69461
67564
80536
19941
64232
54178
39221
54681
63846
47760
69066
15131
9621
26440
34055
97625
70731
79631
51195
67007
90181
29236
99239
311
29589
30227
92150
59013
50675
86778
66117
98950
19762
11699
75946
29886
63309
24883
27746
74438
74043
51251
64694
41719
62871
62180
16344
81679
48484
55188
59688
67966
59198
84859
82754
30450
7964
20206
94781
22617
66869
88204
67276
27318
70397
74774
89102
29139
83112
49472
68058
79658
76357
91433
48380
58422
26664
56184
45802
57407
15467
96833
32001
48598
22683
51473
51654
5988
46064
20508
96339
56459
81789
73849
28928
4677
90446
65663
84017
80112
74953
62624
18715
68714
74457
55671
53449
35605
50146
72153
94438
584
7187
8497
33338
66417
71581
88223
61061
6132
64272
17936
42781
14047
87803
68059
80926
4591
46538
75336
39197
80369
51062
31845
30101
78052
34708
48390
43502
67983
17084
18059
46623
25596
50395
44601
44814
93488
51769
77577
5173
10006
63823
26208
5370
30423
59280
22182
41495
10895
59480
10629
70499
53549
24663
61993
54256
27068
82350
85884
38115
24231
33307
63266
32060
3073
39443
94025
57611
77851
89483
33162
89001
90158
23967
87210
8908
48526
6638
91255
43365
90206
62841
40896
59082
93802
83257
18930
41029
72748
62137
16506
6115
62618
9849
87286
7593
99779
39597
1958
97213
83472
74954
51749
11450
40835
88575
22626
52554
36582
51086
67333
33741
11697
13495
7564
34429
13740
45108
22330
70568
24081
13421
16251
76436
62646
91803
10178
37830
90781
67304
79642
27719
58696
54244
59368
9710
91024
92210
85978
73217
46505
70079
19459
98096
64149
4105
46572
62445
45907
48929
57617
72135
66225
9698
9736
16550
22714
82866
54587
24609
93868
97400
52011
86231
83228
79284
1576
14991
52261
75643
65036
1532
63311
63467
90271
57795
20256
27573
73695
88638
47760
26774
57050
79245
44449
12600
66561
28482
73786
15598
89427
35280
76248
47293
93210
97323
43623
66118
27856
69575
51194
40823
84635
60406
95558
90351
99252
91545
98198
43432
82772
86381
60170
10133
99940
71139
57839
90343
23064
12398
59089
17378
5196
79818
83507
88075
17
17589
87291
11350
20161
55204
96929
95303
59876
56146
56785
26645
2626
30673
70488
96200
6816
60239
69438
19228
82021
50578
12763
50630
79473
47770
29812
22063
70939
86774
40829
32608
53147
60267
5023
16790
15598
82789
33127
36117
49714
12172
87982
93337
59882
78236
70074
35681
92013
54389
22821
85515
3949
7977
86110
38003
22437
42127
6835
77355
22853
28038
76488
50547
16450
49939
92024
72310
73251
93452
24875
23111
60944
95295
71070
5453
56950
1953
43714
89224
34616
16112
47582
57390
28946
21854
48292
45650
22958
97374
58461
97868
34525
42442
17602
60329
23998
57318
37473
46898
35148
20895
30318
91727
52574
84584
83393
91728
36015
50969
2610
35928
30731
64356
23550
39090
59590
45613
96008
91670
59710
43695
44171
13893
18817
8187
8155
48103
5066
64099
92590
37913
31366
65099
7060
55237
90587
32802
43230
34976
81966
46449
20317
32811
88986
13395
59200
12806
83737
30658
44777
9778
17742
91036
74394
65879
11389
14098
99281
63625
96998
7903
67217
28551
79275
27344
3330
46439
3096
70435
96323
83166
15493
95992
27907
42921
56102
1545
21239
93999
39589
35830
31235
4481
12587
48160
36288
94604
85863
79708
61819
43098
95970
57290
4926
3509
26928
56567
83908
48796
85891
2277
93417
81199
42822
81886
56406
15406
5341
74974
67723
69913
49899
73175
75204
20691
89743
59284
35544
77055
50630
74169
71125
8964
95640
66850
86630
72850
90587
57039
40829
67030
8371
46615
8818
73388
12087
73179
76493
67537
37858
76583
34675
71292
75324
40038
51514
77799
49561
8295
4197
58013
77292
83994
14163
96661
63685
62379
12717
54078
36391
7380
38839
87179
69874
66978
49970
26645
26347
11581
85470
18684
46933
89967
26228
27308
36906
87488
21602
18206
47515
40541
24461
27336
10749
79622
68847
58316
6240
6124
13696
62407
56165
40891
45623
76093
56392
46469
8038
24369
63246
21204
91487
26242
95101
88452
58279
53685
57708
75070
74871
20295
19860
52203
18576
92951
10928
30816
5658
93405
70214
92114
39364
59243
87369
37222
96803
70391
47678
54678
99517
81030
51305
92113
45045
73512
54170
39215
5661
24024
73580
61882
29817
25867
84690
97242
54665
99544
76148
20888
61526
56360
33505
21564
76480
8862
27189
75366
45691
4871
24746
57163
48851
27470
52860
87721
67756
59541
58124
12476
2828
74339
63068
83985
44920
32027
68380
61927
18619
42954
98129
9747
35970
91130
33107
8362
44963
93293
90765
97981
47819
30373
27759
17525
62067
16896
3645
26001
28371
40904
18930
45772
48058
90791
46470
68140
89303
97521
7419
56942
1986
30275
98638
95787
59516
42695
81099
64626
22600
35407
63566
37039
30224
71092
14307
42044
41432
1580
59005
84534
16076
75445
55222
13308
61173
30625
4022
31870
23153
13528
75636
77066
55883
35651
97785
26587
84369
95534
18533
16349
48272
80202
97899
50805
95508
71345
68079
16907
91112
30264
96760
79380
61050
17976
83882
50387
44769
26312
63233
19851
37909
88905
86813
78436
60919
1791
63943
8456
47357
89045
57209
99116
53697
84302
3562
22143
10657
81796
7924
88006
63862
16263
26703
67778
52293
17919
24512
82918
98968
22894
5358
26637
6219
99884
22696
23386
63136
37163
95326
64791
55141
59918
59339
83898
73686
63648
82638
68150
30627
35128
47298
33315
98721
26275
56740
24677
2711
68909
66796
12000
39681
98529
41011
55703
91658
54225
36384
42867
25967
58918
83198
93274
41686
61464
5109
82931
84915
49398
58429
11119
6703
61172
54114
77852
99726
39898
65673
43091
11481
60344
50748
3585
70389
18247
4916
64827
68213
19817
81126
66438
48204
31496
6724
71892
48000
9892
98121
85666
23212
2030
48526
60830
29607
91484
60965
1207
5642
29836
32621
8286
73667
80899
9862
33224
57440
70895
19807
47789
99536
67739
14488
69843
97991
50942
9463
63787
74143
7545
58733
74799
29364
33650
32032
58169
57392
3386
75754
87659
707
12828
73084
95792
87107
23974
27138
35881
58857
39304
79461
2410
27959
79767
27930
90164
12820
24934
7498
70931
53493
93084
55288
72383
73436
88495
60910
30072
78085
53444
42707
68868
16395
21261
31645
43245
6573
45119
54011
10837
56672
53641
872
34907
23278
70339
51762
58547
15556
98498
79216
86635
99286
68629
23234
66013
7602
31647
65483
5805
57105
50416
3773
9140
74187
45502
81314
46055
95185
21390
42161
31662
42762
77977
95570
50586
41298
72973
85494
515
96468
75439
86716
96879
73414
53847
22132
65091
97501
95948
4071
44563
19442
17639
10425
83278
19372
96921
79511
26909
23094
62673
38222
11270
8210
80048
10076
80858
42150
41133
3574
53852
11280
85469
78866
80477
27498
17006
80557
37172
82100
37119
6765
24402
16605
94881
35840
97006
95844
41623
30696
29088
63438
24958
91379
72054
86182
34232
85502
96584
18368
13557
86523
54065
45237
47039
26000
58063
66215
32965
78889
74382
12078
47078
63352
42500
28335
29636
37482
99973
11936
54884
5629
83629
35555
75557
23849
71094
98312
7713
86289
57749
82737
94028
27455
37434
93183
75877
36251
39915
82900
18130
19997
39919
16720
75467
5364
76744
49079
7878
20060
41332
47249
46287
67280
304
45462
60290
14262
30445
54611
79866
48085
49465
65897
95605
63987
11622
5662
89225
3531
22595
17412
92359
37810
44634
49336
9377
32288
58644
9236
74266
48896
17905
50516
5561
53374
32428
73609
22611
43929
22507
56887
44824
94764
54296
73726
99309
85546
43885
51028
55782
37145
84425
86259
17820
93777
3680
61184
61279
31897
7580
81166
91807
63662
64917
78464
19130
65581
65500
59883
24696
55997
60467
55679
47273
74589
10922
54479
77250
66058
16841
43576
41348
23051
29792
34998
64798
11225
23252
53919
15156
44735
76370
19963
90960
42530
39313
25706
7353
15341
79672
35894
20479
77501
43826
10715
1424
65510
9120
25695
30224
72037
1829
87679
174
66760
32277
62897
54467
97602
67399
60550
80845
22738
58173
88998
58209
66691
45652
95639
32477
76336
36035
54515
30643
54305
8993
4874
43214
99607
71081
10868
89750
96056
99840
87956
62010
67870
26610
69855
28601
4610
54908
4916
6568
31996
4717
20221
14077
35285
54579
62362
27291
93597
36751
66693
69565
48926
34972
61672
65684
56674
69050
35891
34567
65612
30
75440
64866
76251
99464
75604
96247
76235
36280
89681
99684
49652
5851
59234
30597
80702
63878
73611
94479
99257
8998
95525
74212
51262
54116
16263
87586
76936
29299
35255
71578
77385
5809
99772
83461
79863
29062
61159
7347
34656
773
62835
5627
4953
80437
45129
38239
34290
52096
44702
26683
84937
62752
57596
84992
52198
17962
89952
5172
42920
72425
18022
31255
6884
78509
37405
3391
74219
23627
82548
3320
54058
63525
12721
95059
14422
28555
75091
72284
92446
74753
93501
97261
80784
72393
81589
28555
30111
68145
18222
77195
80453
39972
43560
27494
43482
48628
65831
90990
63484
8648
6795
94584
72329
82761
41572
9224
61195
95050
3763
8660
33096
53127
66400
71759
91136
32138
74157
52555
263
62392
82287
93119
28808
57392
57041
31916
844
44657
53810
8897
43218
12981
20182
15044
90642
57070
67566
13499
68476
94394
27384
39221
32569
5614
5312
90070
36841
35308
83056
62353
77082
5588
94149
74519
29993
83326
34713
12636
52748
89478
17630
27325
14761
3778
58764
3529
10942
52765
5391
9153
17148
46891
2686
36484
32862
71672
5685
69315
54204
27418
7556
9683
99337
35929
85176
59695
87171
95211
88927
87467
44295
14348
93373
81037
81254
20240
11158
62178
61310
11323
75336
53313
57517
76194
50560
57823
9295
78339
15526
77412
588
83095
6104
83270
68203
16143
48194
21483
42232
61226
82940
41596
28501
40453
75200
22022
75305
56202
43595
41784
59222
86896
90887
37125
65200
18163
94486
39109
88553
99330
25441
27357
16640
56827
51261
51393
48217
79799
83099
68274
22497
48552
5475
59697
78299
78050
69649
17871
68293
41544
97235
4089
62704
63907
74849
72119
91152
91046
83730
27806
67124
56714
99700
42203
95175
57542
81903
6414
81123
82686
95977
78228
6564
17972
55051
22507
23908
93177
15954
45865
11312
72432
7754
11035
59370
4720
53969
34788
55835
76987
51308
5524
80126
15163
98301
40746
6685
97004
2686
61247
62606
9274
1748
16703
59303
54795
84078
17850
65616
91944
22373
32754
57761
40384
97189
90963
43355
77393
82093
19355
37524
64864
56710
50017
70522
18791
40068
93911
31498
62053
80775
47791
31923
84257
80315
86877
85978
86103
52719
16119
11932
72411
68536
90254
17567
10169
88055
31766
30136
13499
41824
48752
4759
4453
63395
86642
8726
20557
56748
1843
48577
60661
89849
67310
24420
39163
36243
63575
55520
34336
42513
60205
93146
94030
23808
96232
93053
96528
89724
51005
59246
46039
74701
93802
42935
21926
1050
79266
12608
54257
88136
41701
30951
91821
51353
42765
36937
84053
11940
60307
42939
57195
79771
19886
270
14674
31667
71606
46448
89730
7071
92961
34877
77424
89894
50600
25029
46670
62615
10628
17873
99088
68209
36153
97803
89263
23037
23105
56111
34295
4360
79497
40869
23882
18729
60661
99370
45245
10096
2939
49033
79947
21383
2654
54377
27534
1417
26103
76478
99435
86073
2157
48851
86793
52279
92578
73180
89003
84742
89510
99564
42412
35225
95922
90266
77662
34472
77047
71296
71851
17995
60745
61931
30469
93541
26811
74630
11861
43849
81916
84182
91817
71005
23234
39657
1383
35157
62967
1357
70706
71463
13576
19981
85013
24751
23356
80237
34756
75626
40318
26791
95575
37602
63489
98538
49739
39456
91784
66336
99727
16578
86285
99667
87061
79910
39922
55759
21438
10340
74533
68837
22899
3677
17472
22086
54801
18905
14414
67012
69560
26807
10706
47004
39809
22939
37299
18592
12212
27782
8425
6174
2581
6557
24297
86366
72196
74297
53130
65927
54985
20205
81013
82989
81988
64928
86036
42498
7658
20164
43595
62061
36196
30846
64054
99378
75171
64264
21372
3884
78057
49890
53914
56862
42372
39578
16273
61064
91498
35534
76252
14572
16954
47226
84689
57334
95124
76688
80826
42487
14809
71800
23540
39343
76385
20770
82917
78946
12006
18542
69093
65612
61673
12102
80536
85100
50005
10059
94378
79465
91280
20463
2237
44483
99215
96204
79095
53462
56886
20478
6131
63614
70062
45672
4479
11705
63655
11555
62118
25002
10455
55937
94848
33369
99036
203
1415
67413
43867
39347
87417
15910
26010
1793
10130
19948
83189
17510
62442
29599
69789
57255
76928
96266
2130
83540
6890
26414
33872
1645
78763
63176
58111
72312
16546
75781
63884
66205
3202
33875
38439
12540
63850
87232
75763
43241
61056
268
45038
21345
71737
45805
78634
94067
38796
11079
42030
41891
37361
29836
52103
34231
76700
22885
65243
17748
43841
2776
82714
87389
35714
99731
32985
43820
83003
70751
24987
59452
33662
13662
3437
33021
87608
75824
28671
47971
89778
3255
95555
90284
37652
51251
65801
68298
15439
80190
27611
91076
62061
99502
98623
47604
28523
34908
30313
20303
4478
66414
52615
10676
49005
81561
59921
39250
59833
75565
97598
57218
54207
99761
70834
13204
16961
55809
94327
9444
33521
76033
6848
50434
61834
41879
33963
90834
84506
21411
35621
74410
5779
53069
83490
82219
34907
43294
81807
75451
3568
58228
51391
89703
58472
79434
10958
65442
17390
16630
4793
50454
76338
59868
78428
89824
64424
43794
1836
97032
340
48618
85417
34742
58123
88885
51129
98653
79747
31164
77702
4075
16286
26067
73951
98680
58746
55959
81698
30982
62624
56040
24234
71647
38413
8684
97204
31698
92765
85943
16410
30219
63956
96462
56523
5484
10473
5910
21807
22790
25715
45917
15582
33944
65409
8801
20591
75747
70663
73750
64286
35404
39804
5952
38113
50987
70126
71416
30532
85556
38198
76298
52065
8849
78945
56501
5145
24312
31759
48771
29975
89432
51522
82596
33451
30605
96655
58659
45346
51090
50952
66720
3287
61810
64601
37387
25148
33957
98898
88748
8970
22553
72917
92232
1367
48437
65911
40881
86037
48830
61311
7514
75000
23874
94553
56794
92581
67699
13074
52066
52110
90996
81017
29932
59544
20256
79506
9129
78471
13204
14828
38306
44552
16133
58113
54276
81872
26456
90789
29193
1727
21505
17494
94582
29245
95184
62483
81287
23329
69351
74801
47973
19600
42632
2479
54156
18197
20707
35308
85530
63114
67943
70777
55245
66647
98669
97820
81513
41754
19498
70102
3213
31839
63134
14539
15942
7458
54237
84340
43067
13529
93567
69501
52828
50156
76092
54667
73305
1788
99505
5788
73454
59822
13132
46912
78218
25391
84122
88468
78622
14267
62701
3187
19540
92472
44819
37589
86339
47511
6527
51024
30763
89462
6652
3527
42178
92360
73700
64056
74763
38439
49351
85604
28351
45196
8409
29702
70750
12695
6721
14137
4555
71027
81442
81355
70120
75677
88453
25938
38707
52447
69732
95278
62449
39412
98646
63771
88929
87486
16593
35674
22611
35110
2803
21391
79488
58166
76799
55366
67983
50840
25645
37517
72860
24132
45294
24026
80664
19001
45735
14479
77704
43871
66058
61112
63845
29791
89767
228
48230
89785
18555
96441
43733
5934
19297
26054
24307
2783
83181
67769
98833
98640
45739
36565
33638
27101
94250
91796
96949
55109
5684
83350
27402
76660
99335
12684
46912
63846
77881
79252
49005
10582
57129
40483
26822
5629
25669
26274
41933
37351
22523
40784
33521
25190
4226
36872
87151
24648
87213
26473
9026
91492
80686
65790
23107
65003
66891
32624
38833
32946
76977
57530
42128
36221
51986
26379
84272
17994
60206
93204
75816
99882
67889
15092
6502
1189
73453
89727
79056
1278
22751
68058
63295
70241
21039
64191
97328
69770
56182
59825
11385
10440
96662
26743
55234
69821
40564
76378
26959
49474
70208
6385
35516
19873
28196
99446
64785
57844
29638
45890
27296
78719
82116
98681
12496
57913
8031
24360
9878
97210
76192
16673
60704
38103
12678
78941
4171
46874
971
27558
1917
77814
13063
847
67631
66424
65756
86387
91641
63347
37642
75066
30618
12172
44533
63490
53570
15463
75518
17977
72125
58977
73601
75744
87439
55155
78421
42617
11096
74658
72154
84942
42903
5779
10840
47429
45863
82674
23567
32403
55703
66934
1751
81075
8740
35400
24750
18494
3420
98263
10030
83261
15374
43479
83712
15942
27298
19852
27486
39488
79207
45490
21336
26569
83852
69963
8400
16292
30222
56567
12382
52556
35455
60525
32480
62740
24154
4636
82857
55360
62567
36191
79381
73837
53399
48564
66151
18098
81982
73671
17227
11970
74121
73798
8712
10513
85221
54667
85018
73639
45380
77948
7532
79553
69116
7932
79383
70465
35575
91322
56364
53159
16682
43808
39810
65811
89107
25526
75326
50018
513
98056
63327
71368
61889
7027
99418
33861
23226
60865
69523
61637
28154
31988
5527
37269
79909
91657
79888
8519
33021
73684
64560
7067
26028
10603
71621
73038
15351
84444
15655
90987
60950
13751
15389
16760
53650
60370
72761
93639
91972
80238
8953
11545
94135
78935
90413
78730
26723
27262
74142
33031
4546
77118
35116
84027
52775
21323
93347
20603
59876
10848
31562
45723
2495
72714
23539
74589
6931
25331
78720
99695
68466
24294
40728
40038
73463
70194
59899
38543
30170
95313
35875
95675
84603
13422
2973
55346
76214
56378
4434
26501
24409
43711
82233
97786
57996
92601
46048
8956
33582
2109
91701
89536
90530
58561
18335
78742
65731
50731
61248
49781
24022
40915
69276
83072
34053
68845
31483
56266
45863
22326
6429
41518
67891
64773
51143
52443
36830
83831
47968
52616
64357
5816
11575
95109
97596
91860
40529
86972
64040
97815
86937
75326
82050
90810
21891
1881
1815
90969
5825
22472
22462
62434
52696
97321
83850
49191
40342
18978
8186
19235
40780
8680
20131
96524
61965
11549
84399
70658
34056
97663
98189
46078
80076
3652
70248
38064
63524
59606
18155
24417
48675
53563
56853
97319
76637
12746
21908
27514
99518
82465
34734
96273
13067
73015
39761
83135
35807
17867
17553
28495
39879
46518
47007
48909
99599
59079
74446
44326
81172
91100
69613
45388
8157
53472
56761
45665
48435
8290
3438
8995
39809
14985
6685
41839
2190
27353
14582
51081
38180
99602
65027
40495
52934
34345
69825
26174
95218
76465
53318
9672
39958
80769
5576
45025
68042
97836
91456
75024
10312
78808
81353
16218
82398
76306
26246
9635
56992
53098
79554
63857
76388
23419
88503
32946
65390
72614
7094
48263
42142
90359
66780
60016
60091
30487
26489
11606
30229
78329
84313
32684
40300
74411
94045
81067
91863
54003
92454
20133
41509
15838
11039
88374
47327
13662
48627
97970
63433
62200
132
6469
85566
88605
29772
2112
59835
23206
3705
61566
19482
73936
43257
6626
94530
39571
63453
52013
44292
93045
36418
93103
29702
70564
81225
94145
72100
80861
73157
63258
27561
55339
80023
19690
44914
80398
41443
96123
14499
32276
80981
69344
60435
99189
79102
66554
78036
60422
87284
62736
80175
64828
56936
22734
41197
37585
19186
76301
27905
52191
37990
66899
86391
50785
75653
27465
27867
28799
39712
95775
81441
26465
7606
46065
76859
79355
61780
35005
94075
70272
75365
12067
92042
25658
6510
45318
68053
99151
28590
52429
27193
53886
11089
87267
73995
72170
90883
19333
4134
97690
31235
6088
41081
20681
53177
17040
63206
2571
64458
38534
21959
63313
80138
5267
96890
14695
77751
49522
42533
66778
12036
83243
94083
95604
9300
78008
40736
79569
867
50522
89008
63199
46746
8684
3942
22398
54014
48105
78403
98938
45552
88979
73409
66536
71303
6629
43356
41345
40175
79237
95900
69274
52046
67083
88049
6747
18051
58085
67628
64263
17509
93966
86677
39567
71806
4672
33697
23786
41213
70778
11927
96569
18625
44809
77422
19847
4588
53411
3666
12106
77386
79000
58220
11474
98686
58238
24869
74729
23954
6918
34212
76709
74062
78652
43302
69466
2928
25112
36232
89545
345
56252
72129
4585
60177
2540
43649
14393
34671
81089
346
46867
74656
32000
49191
53671
13830
59102
44840
35209
10289
14590
89944
37714
78863
64292
59864
28785
79101
59060
64733
90440
12786
88211
46843
73065
5328
68238
54296
39079
22239
9955
17702
34661
6887
40659
9977
61755
22071
36155
78264
64261
65379
37136
79101
82811
88217
2325
14772
95848
38701
49188
90777
32539
28699
84477
86242
79957
81392
59094
34536
85302
85187
43023
48062
78873
76975
99791
26067
78051
18266
9774
58188
22510
53860
6913
69203
89834
48412
33247
46242
35105
51795
4981
91447
32155
21649
17487
57972
94930
29338
85083
51438
59876
43955
25277
22782
81894
54550
12340
91140
62865
81721
67871
30424
1218
842
48040
32948
39704
56882
70267
44437
45264
77835
83516
2463
86493
74861
83588
24548
70188
63143
60696
91410
56167
11015
14245
78026
19238
65124
97699
61958
56731
47023
53361
10824
20317
38952
46927
33665
60414
92506
19298
3372
21877
98740
87816
87320
89996
49120
71175
93012
8234
17038
96752
66162
33433
74484
11892
5302
53102
79613
42600
54259
13360
81508
75451
39823
